10313
10708
11001
11006
11009
17101
21164
21172
21176
21180
21181
21240
30363
30367
30369
30382
30390
30392
30435
30464
30533
30539
30566
30570
30571
30588
30640
31058
31079
31086
31088
31090
31095
31100
31102
31105
31109
31109
31112
31113
31118
31119
31124
31125
31130
31131
31132
31133
31134
40195
40220
40318
40460
40523
40524
40527
40647
40725
40747
41936
42088
42091
42095
42101
42102
42103
42104
42116
42117
42118
42121
42132
42133
42134
42147
42148
42150
60141
60157
60180
60182
60185
60198
60204
60206
60207
60208
60212
60213
60219
60220
60221
60222
60223
60233
60239
60240
60248
60249
60251
60253
60255
60256
60257
60264
60276
60295
60296
60297
60298
60299
60309
60314
60319
60328
60331
60333
60345
60347
60348
60353
60354
60355
60365
60371
60372
60380
60388
60389
60393
60418
60419
60428
60430
66614
66666
70427
70661
70666
71360
71380
71387
71453
71471
71700
71706
71707
71717
71730
71731
71732
71733
71736
71740
71745
71750
71752
71761
71761
71777
71780
71784
71789
71800
75942
76253
76386
76396
76400
76424
76897
76940
76945
77013
